{
  "camera_angle_x": 0.8424682422174408,
  "camera_angle_y": 0.505820989933922,
  "fl_x": 2142.600788756307,
  "fl_y": 2089.4235071133357,
  "k1": 0.01296609655719461,
  "k2": 0.05808309555840764,
  "p1": 0.003424711091273345,
  "p2": 0.007808206121638542,
  "cx": 1016.9919884285075,
  "cy": 533.0844831628172,
  "w": 1920.0,
  "h": 1080.0,
  "aabb_scale": 8,
  "frames": [
    {
      "file_path": "./images/0001.jpg",
      "sharpness": 69.79296172112778,
      "transform_matrix": [
        [
          0.3958619396900292,
          -0.011461443305177043,
          0.9182385093340375,
          3.9196804696164222
        ],
        [
          0.9182872009767863,
          -0.0021111213398764604,
          -0.3959092821454279,
          -1.695051079106003
        ],
        [
          0.006476204703454619,
          0.9999320869368258,
          0.009689184103340695,
          0.07427702978973957
        ],
        [
          0.0,
          0.0,
          0.0,
          1.0
        ]
      ]
    },
    {
      "file_path": "./images/0002.jpg",
      "sharpness": 70.9910684810956,
      "transform_matrix": [
        [
          0.38397700312123273,
          -0.012713434458577302,
          0.9232551270694842,
          3.93004990733873
        ],
        [
          0.9233171564798769,
          -0.0021443890166796963,
          -0.38403232955788974,
          -1.6305802031339665
        ],
        [
          0.006862188005890033,
          0.9999168816365678,
          0.010915136085236173,
          0.07428296752281846
        ],
        [
          0.0,
          0.0,
          0.0,
          1.0
        ]
      ]
    },
    {
      "file_path": "./images/0003.jpg",
      "sharpness": 73.17965403405795,
      "transform_matrix": [
        [
          0.36881457359586695,
          -0.011967009645622922,
          0.9294259523949316,
          3.94212699287474
        ],
        [
          0.9294939493220908,
          0.0003379119192674037,
          -0.3688372052669813,
          -1.5497723920345334
        ],
        [
          0.0040998142857038775,
          0.9999283356808437,
          0.011247889897503225,
          0.06332540414866371
        ],
        [
          0.0,
          0.0,
          0.0,
          1.0
        ]
      ]
    },
    {
      "file_path": "./images/0004.jpg",
      "sharpness": 72.93077013766447,
      "transform_matrix": [
        [
          0.35284655260953895,
          -0.01246790246883746,
          0.9355981304606036,
          3.960544718109366
        ],
        [
          0.9356776561793473,
          0.0019491742165814278,
          -0.3528505695710248,
          -1.467226074305332
        ],
        [
          0.002575662734509708,
          0.9999203728946053,
          0.012353697162270735,
          0.06646152733028542
        ],
        [
          0.0,
          0.0,
          0.0,
          1.0
        ]
      ]
    },
    {
      "file_path": "./images/0005.jpg",
      "sharpness": 75.5163152957274,
      "transform_matrix": [
        [
          0.3367611583822745,
          -0.013650082298851892,
          0.941491156336611,
          3.9783982236516535
        ],
        [
          0.9415804043962296,
          0.00034361921913273044,
          -0.3367880995267877,
          -1.3880427245296165
        ],
        [
          0.004273670819853835,
          0.9999067742449055,
          0.012968367617272377,
          0.07796628201719145
        ],
        [
          0.0,
          0.0,
          0.0,
          1.0
        ]
      ]
    },
    {
      "file_path": "./images/0006.jpg",
      "sharpness": 74.81811253166443,
      "transform_matrix": [
        [
          0.32229083289002025,
          -0.01294501788796353,
          0.9465521884971387,
          3.9997557747251316
        ],
        [
          0.9466277057522026,
          -0.0008323643202366809,
          -0.32232792909079444,
          -1.3248043159832934
        ],
        [
          0.004960417076817553,
          0.9999158633021603,
          0.011985849194167172,
          0.07623975301340902
        ],
        [
          0.0,
          0.0,
          0.0,
          1.0
        ]
      ]
    },
    {
      "file_path": "./images/0007.jpg",
      "sharpness": 74.52697145028145,
      "transform_matrix": [
        [
          0.30396176779725304,
          -0.012310999433009014,
          0.9526046834927461,
          4.021925871611408
        ],
        [
          0.95267771900721,
          0.00023084689815709266,
          -0.30398208897388856,
          -1.2521514734965764
        ],
        [
          0.0035224174886482364,
          0.9999241901286593,
          0.011798583489792479,
          0.07015836096886893
        ],
        [
          0.0,
          0.0,
          0.0,
          1.0
        ]
      ]
    },
    {
      "file_path": "./images/0008.jpg",
      "sharpness": 72.07440430315414,
      "transform_matrix": [
        [
          0.28635571054380243,
          -0.01224205164930333,
          0.9580451655387419,
          4.033168385616554
        ],
        [
          0.9581192283502399,
          0.0007159731538221901,
          -0.28636869879228105,
          -1.186764128485301
        ],
        [
          0.0028198057826840347,
          0.999924806950825,
          0.01193436808084738,
          0.06567890310252442
        ],
        [
          0.0,
          0.0,
          0.0,
          1.0
        ]
      ]
    },
    {
      "file_path": "./images/0009.jpg",
      "sharpness": 75.83945215377256,
      "transform_matrix": [
        [
          0.2672922310423269,
          -0.012263307056817578,
          0.9635374795648745,
          4.037209486722588
        ],
        [
          0.9636137215148307,
          0.0014717597706817758,
          -0.26729464946293996,
          -1.1087393605285505
        ],
        [
          0.0018598206610407676,
          0.9999237197031547,
          0.012210480903763001,
          0.056493368706550244
        ],
        [
          0.0,
          0.0,
          0.0,
          1.0
        ]
      ]
    },
    {
      "file_path": "./images/0010.jpg",
      "sharpness": 75.37541353118444,
      "transform_matrix": [
        [
          0.25087431056944076,
          -0.013000465170784755,
          0.9679323675771134,
          4.037118052478743
        ],
        [
          0.9680151898969326,
          0.0003273022980276897,
          -0.2508913808842612,
          -1.0346693005937109
        ],
        [
          0.0029448981705925735,
          0.9999154368147013,
          0.012666759499411201,
          0.05092738611222903
        ],
        [
          0.0,
          0.0,
          0.0,
          1.0
        ]
      ]
    },
    {
      "file_path": "./images/0011.jpg",
      "sharpness": 76.30416135585428,
      "transform_matrix": [
        [
          0.23480205021899703,
          -0.01344283440086665,
          0.9719502494562218,
          4.033375582287121
        ],
        [
          0.9720340790965526,
          -0.0010862233512611507,
          -0.23483732495867865,
          -0.9490924415083505
        ],
        [
          0.004212634327785489,
          0.999909051026086,
          0.012811845687422056,
          0.04333330147159513
        ],
        [
          0.0,
          0.0,
          0.0,
          1.0
        ]
      ]
    },
    {
      "file_path": "./images/0012.jpg",
      "sharpness": 74.10901325063938,
      "transform_matrix": [
        [
          0.21994706884165954,
          -0.013622541607328967,
          0.9754166869958213,
          4.039888127508624
        ],
        [
          0.9754981263862347,
          -0.0022242290550976897,
          -0.21999649593131324,
          -0.8731512657681393
        ],
        [
          0.00516646155533414,
          0.9999047350458207,
          0.012799551153466794,
          0.03380177646832951
        ],
        [
          0.0,
          0.0,
          0.0,
          1.0
        ]
      ]
    },
    {
      "file_path": "./images/0013.jpg",
      "sharpness": 73.77678629436365,
      "transform_matrix": [
        [
          0.2004542646697843,
          -0.012373343632128086,
          0.979624922174218,
          4.049500644851627
        ],
        [
          0.9796935314552309,
          -0.0018786551053631409,
          -0.2004920324595815,
          -0.7883025769609652
        ],
        [
          0.004321134174509754,
          0.9999216824452513,
          0.011745500291155005,
          0.023961543728168725
        ],
        [
          0.0,
          0.0,
          0.0,
          1.0
        ]
      ]
    },
    {
      "file_path": "./images/0014.jpg",
      "sharpness": 64.56308737769525,
      "transform_matrix": [
        [
          0.1811343275204669,
          -0.011597130441845509,
          0.9833899846759719,
          4.0593225913653175
        ],
        [
          0.9834524636671993,
          -0.0013280245248994446,
          -0.18116149717248956,
          -0.7149928001482007
        ],
        [
          0.003406919530939576,
          0.9999318691381738,
          0.011164675675254544,
          0.03144977171946464
        ],
        [
          0.0,
          0.0,
          0.0,
          1.0
        ]
      ]
    },
    {
      "file_path": "./images/0015.jpg",
      "sharpness": 73.92068623818236,
      "transform_matrix": [
        [
          0.1607638585240314,
          -0.00950400189292411,
          0.9869471392847085,
          4.063972458917141
        ],
        [
          0.9869915829986806,
          -8.461236493669356e-05,
          -0.16077191275377306,
          -0.6385879811629817
        ],
        [
          0.001611484494663278,
          0.9999548323752192,
          0.009366767262853608,
          0.0329206852933575
        ],
        [
          0.0,
          0.0,
          0.0,
          1.0
        ]
      ]
    },
    {
      "file_path": "./images/0016.jpg",
      "sharpness": 72.32308349675982,
      "transform_matrix": [
        [
          0.14211804643988143,
          -0.008048592796263644,
          0.9898169937073706,
          4.06080319022233
        ],
        [
          0.9898497000421438,
          0.0013368648070391162,
          -0.14211187184386084,
          -0.5763275961426362
        ],
        [
          -0.00017945091631059432,
          0.9999667159202216,
          0.008156889779873607,
          0.024113567411297228
        ],
        [
          0.0,
          0.0,
          0.0,
          1.0
        ]
      ]
    },
    {
      "file_path": "./images/0017.jpg",
      "sharpness": 71.17628905194863,
      "transform_matrix": [
        [
          0.12175664040570462,
          -0.007313906679639551,
          0.9925330358673118,
          4.047016595063542
        ],
        [
          0.9925592641242135,
          0.0021009866824923847,
          -0.12174437587075604,
          -0.5182053828308861
        ],
        [
          -0.0011948716864012775,
          0.9999710458937435,
          0.007515294911813652,
          0.017261054208657155
        ],
        [
          0.0,
          0.0,
          0.0,
          1.0
        ]
      ]
    },
    {
      "file_path": "./images/0018.jpg",
      "sharpness": 70.07964553702092,
      "transform_matrix": [
        [
          0.10398719213553702,
          -0.006656739433908951,
          0.9945563592344384,
          4.030821747159129
        ],
        [
          0.9945782635718398,
          0.001561768237639149,
          -0.10397902918567914,
          -0.4636375926625183
        ],
        [
          -0.0008611052285144919,
          0.9999766240777164,
          0.00678305224102597,
          0.013298271545929208
        ],
        [
          0.0,
          0.0,
          0.0,
          1.0
        ]
      ]
    },
    {
      "file_path": "./images/0019.jpg",
      "sharpness": 68.3212398481202,
      "transform_matrix": [
        [
          0.08570581463394063,
          -0.005737460721202542,
          0.9963039671125427,
          4.00893028217232
        ],
        [
          0.9963203859148998,
          0.0009445884894113543,
          -0.08570178739659547,
          -0.3920592718830602
        ],
        [
          -0.00044938662036455657,
          0.999983094506524,
          0.00579730580589899,
          0.00876582085881864
        ],
        [
          0.0,
          0.0,
          0.0,
          1.0
        ]
      ]
    },
    {
      "file_path": "./images/0020.jpg",
      "sharpness": 68.04306128066997,
      "transform_matrix": [
        [
          0.06902422450071802,
          -0.003976536600729664,
          0.9976070587112558,
          3.987807360459745
        ],
        [
          0.9976130964650589,
          0.0022204254770412522,
          -0.06901579146904456,
          -0.32227185529179975
        ],
        [
          -0.0019406683084336783,
          0.9999896283807893,
          0.004120308138075024,
          -0.0017875804785023165
        ],
        [
          0.0,
          0.0,
          0.0,
          1.0
        ]
      ]
    },
    {
      "file_path": "./images/0021.jpg",
      "sharpness": 66.38523773292683,
      "transform_matrix": [
        [
          0.05031858434187546,
          -0.0026328403132426406,
          0.9987297473408409,
          3.969668365456196
        ],
        [
          0.9987256140072803,
          0.004034755308058377,
          -0.05030773971651964,
          -0.2498168395596172
        ],
        [
          -0.0038971779042054878,
          0.9999883943842921,
          0.0028325082336937953,
          -0.004071270708173968
        ],
        [
          0.0,
          0.0,
          0.0,
          1.0
        ]
      ]
    },
    {
      "file_path": "./images/0022.jpg",
      "sharpness": 64.66265282175526,
      "transform_matrix": [
        [
          0.03186639760794136,
          -0.0009377600838569218,
          0.9994916974699204,
          3.9554114994321354
        ],
        [
          0.999485109679518,
          0.003779898017675045,
          -0.03186264113186561,
          -0.18231394924711322
        ],
        [
          -0.003748097172929494,
          0.9999924164606383,
          0.0010577289734155643,
          -0.0021667199517474956
        ],
        [
          0.0,
          0.0,
          0.0,
          1.0
        ]
      ]
    },
    {
      "file_path": "./images/0023.jpg",
      "sharpness": 62.433614004391515,
      "transform_matrix": [
        [
          0.014338227668229822,
          0.001069553245329869,
          0.9998966302998398,
          3.942737947735249
        ],
        [
          0.9998955184385172,
          0.0018199074814520386,
          -0.014340158413623483,
          -0.12206044325924315
        ],
        [
          -0.0018350569211311965,
          0.9999977719947177,
          -0.0010433472489324801,
          -0.0035125597994873875
        ],
        [
          0.0,
          0.0,
          0.0,
          1.0
        ]
      ]
    },
    {
      "file_path": "./images/0024.jpg",
      "sharpness": 62.107012398525704,
      "transform_matrix": [
        [
          -0.0013977308404212595,
          0.0032321305394532374,
          0.9999937998220083,
          3.9351166167994336
        ],
        [
          0.9999974201106147,
          0.001795074369977969,
          0.0013919339499958688,
          -0.05600011368656374
        ],
        [
          -0.0017905643279686866,
          0.9999931654976287,
          -0.003234631231721684,
          -0.01417700528659706
        ],
        [
          0.0,
          0.0,
          0.0,
          1.0
        ]
      ]
    },
    {
      "file_path": "./images/0025.jpg",
      "sharpness": 55.24516396484381,
      "transform_matrix": [
        [
          -0.01717137365948633,
          0.0045574510323943725,
          0.9998421743297884,
          3.9264742807990456
        ],
        [
          0.9998519273156801,
          0.001204198680510909,
          0.017166052215290297,
          0.013347532427434448
        ],
        [
          -0.0011257751846563825,
          0.9999888897119861,
          -0.004577453943889607,
          -0.015509816428242533
        ],
        [
          0.0,
          0.0,
          0.0,
          1.0
        ]
      ]
    },
    {
      "file_path": "./images/0026.jpg",
      "sharpness": 59.68890714719069,
      "transform_matrix": [
        [
          -0.032815272125911094,
          0.005657024627957201,
          0.999445424217574,
          3.921762408631344
        ],
        [
          0.9994614337117662,
          0.00016479447157756764,
          0.03281486500967766,
          0.08468549988474126
        ],
        [
          2.093141896827911e-05,
          0.9999839853302283,
          -0.005659385720630485,
          -0.014809234636643137
        ],
        [
          0.0,
          0.0,
          0.0,
          1.0
        ]
      ]
    },
    {
      "file_path": "./images/0027.jpg",
      "sharpness": 58.20624331123875,
      "transform_matrix": [
        [
          -0.050339573571821894,
          0.006752009877959889,
          0.9987093359416445,
          3.9116118888691944
        ],
        [
          0.9987319513571198,
          -0.000305980544285362,
          0.0503427821470624,
          0.15892949535958337
        ],
        [
          0.0006455005885352402,
          0.999977158109274,
          -0.006728045070876772,
          -0.014076745420788338
        ],
        [
          0.0,
          0.0,
          0.0,
          1.0
        ]
      ]
    },
    {
      "file_path": "./images/0028.jpg",
      "sharpness": 55.74621751179637,
      "transform_matrix": [
        [
          -0.0671014728636568,
          0.00801063391572396,
          0.99771399814054,
          3.901061098238147
        ],
        [
          0.9977458046978375,
          0.0013781886340545387,
          0.06709254656035714,
          0.22943519492866335
        ],
        [
          -0.0008375842633057218,
          0.9999669646254031,
          -0.00808505486961275,
          -0.015593433246971012
        ],
        [
          0.0,
          0.0,
          0.0,
          1.0
        ]
      ]
    },
    {
      "file_path": "./images/0029.jpg",
      "sharpness": 55.64426455226946,
      "transform_matrix": [
        [
          -0.08475222334814889,
          0.00869044799374426,
          0.99636415870554,
          3.885127882824271
        ],
        [
          0.9964015602017653,
          0.0017384748575237094,
          0.0847402415187618,
          0.3007107955060747
        ],
        [
          -0.0009957233769512228,
          0.9999607261390934,
          -0.00880651554922902,
          -0.012198325228315909
        ],
        [
          0.0,
          0.0,
          0.0,
          1.0
        ]
      ]
    },
    {
      "file_path": "./images/0030.jpg",
      "sharpness": 53.071420717592595,
      "transform_matrix": [
        [
          -0.10086243572013316,
          0.009264786430102359,
          0.9948572424196307,
          3.868067910455826
        ],
        [
          0.9949000207564866,
          0.0017907708985647557,
          0.10085009587665965,
          0.36597896582693745
        ],
        [
          -0.0008472067981988664,
          0.9999554774457605,
          -0.009398157726259177,
          -0.014117384620387263
        ],
        [
          0.0,
          0.0,
          0.0,
          1.0
        ]
      ]
    },
    {
      "file_path": "./images/0031.jpg",
      "sharpness": 46.570911940567605,
      "transform_matrix": [
        [
          -0.11813100532691884,
          0.009670919285846253,
          0.9929509247200506,
          3.8394313630519328
        ],
        [
          0.9929977537537408,
          0.001881259464015507,
          0.11811825389352011,
          0.44169561145171937
        ],
        [
          -0.0007256862248432193,
          0.999951465914612,
          -0.00982543619934394,
          -0.02080550797232826
        ],
        [
          0.0,
          0.0,
          0.0,
          1.0
        ]
      ]
    },
    {
      "file_path": "./images/0032.jpg",
      "sharpness": 50.721945115129756,
      "transform_matrix": [
        [
          -0.13455836339907437,
          0.008906741739019782,
          0.9908656401312654,
          3.8094017691665143
        ],
        [
          0.9909056658193947,
          0.001117614485400935,
          0.134553752771465,
          0.5208384974969114
        ],
        [
          9.102973345457634e-05,
          0.9999597096339644,
          -0.008976125229251383,
          -0.019506194747319756
        ],
        [
          0.0,
          0.0,
          0.0,
          1.0
        ]
      ]
    },
    {
      "file_path": "./images/0033.jpg",
      "sharpness": 49.37412303410331,
      "transform_matrix": [
        [
          -0.15200451045486257,
          0.008161343096680667,
          0.9883461039949625,
          3.788140776406067
        ],
        [
          0.9883777395458937,
          -0.0007866244455864169,
          0.15201587151390322,
          0.6062865173777743
        ],
        [
          0.0020181108896684115,
          0.9999663862863718,
          -0.007946919377792476,
          -0.010277898824574739
        ],
        [
          0.0,
          0.0,
          0.0,
          1.0
        ]
      ]
    },
    {
      "file_path": "./images/0034.jpg",
      "sharpness": 48.22554580546981,
      "transform_matrix": [
        [
          -0.17038932107052973,
          0.007555334341945516,
          0.9853478554246162,
          3.773593637967747
        ],
        [
          0.9853741840550997,
          -0.0010069317172205455,
          0.1704015947292264,
          0.6854608821513525
        ],
        [
          0.0022796190287022867,
          0.9999709510847222,
          -0.007273261000796392,
          -0.005636883714479609
        ],
        [
          0.0,
          0.0,
          0.0,
          1.0
        ]
      ]
    },
    {
      "file_path": "./images/0035.jpg",
      "sharpness": 46.69943475597994,
      "transform_matrix": [
        [
          -0.1921056856199383,
          0.00805782211754121,
          0.9813411624185551,
          3.7544930308244284
        ],
        [
          0.9813721208185872,
          -0.0005024252816107086,
          0.19211587141323058,
          0.760799082366804
        ],
        [
          0.0020410861276885426,
          0.9999674090055855,
          -0.007811203227473666,
          -0.015284247696075528
        ],
        [
          0.0,
          0.0,
          0.0,
          1.0
        ]
      ]
    },
    {
      "file_path": "./images/0036.jpg",
      "sharpness": 47.362900186894464,
      "transform_matrix": [
        [
          -0.2113612011705819,
          0.00896493557885899,
          0.9773669078557862,
          3.735168073674922
        ],
        [
          0.9774029603800278,
          -0.0012796886341049057,
          0.21138073572905772,
          0.8238467216409181
        ],
        [
          0.0031457400017561132,
          0.9999589953237343,
          -0.00849187804756421,
          -0.02880131352209019
        ],
        [
          0.0,
          0.0,
          0.0,
          1.0
        ]
      ]
    },
    {
      "file_path": "./images/0037.jpg",
      "sharpness": 48.379210063928824,
      "transform_matrix": [
        [
          -0.23181941604222567,
          0.009715321566351893,
          0.9727103221794705,
          3.710835629623336
        ],
        [
          0.9727519340412687,
          -0.001452324238017578,
          0.23184383876497355,
          0.8981963625245154
        ],
        [
          0.003665128224250278,
          0.9999517504774698,
          -0.009113920886740389,
          -0.043836548375740206
        ],
        [
          0.0,
          0.0,
          0.0,
          1.0
        ]
      ]
    },
    {
      "file_path": "./images/0038.jpg",
      "sharpness": 47.55479209644658,
      "transform_matrix": [
        [
          -0.2506156203025273,
          0.011460866915703066,
          0.9680188321472395,
          3.681104077836512
        ],
        [
          0.968076934560066,
          -0.001518686553766913,
          0.2506486432517392,
          0.9630461940845436
        ],
        [
          0.004342767927084868,
          0.9999331688280361,
          -0.010714394338437244,
          -0.06546714784622788
        ],
        [
          0.0,
          0.0,
          0.0,
          1.0
        ]
      ]
    },
    {
      "file_path": "./images/0039.jpg",
      "sharpness": 46.42311240374197,
      "transform_matrix": [
        [
          -0.2690844442677598,
          0.013788180602467032,
          0.9630178855714829,
          3.651894899402335
        ],
        [
          0.9630908767900951,
          -0.0034539802653746686,
          0.269154292300927,
          1.0286328718260398
        ],
        [
          0.007037392764141114,
          0.9998989729456601,
          -0.012349858585549949,
          -0.07615428921469163
        ],
        [
          0.0,
          0.0,
          0.0,
          1.0
        ]
      ]
    },
    {
      "file_path": "./images/0040.jpg",
      "sharpness": 46.155216041508936,
      "transform_matrix": [
        [
          -0.2854127902861149,
          0.01698620440485414,
          0.9582541458312591,
          3.6282722670831684
        ],
        [
          0.958370572995634,
          -0.00337733863798434,
          0.2855073351067263,
          1.1016473282074992
        ],
        [
          0.008086034704932615,
          0.9998500199757093,
          -0.015315142804092755,
          -0.08290670402199894
        ],
        [
          0.0,
          0.0,
          0.0,
          1.0
        ]
      ]
    },
    {
      "file_path": "./images/0041.jpg",
      "sharpness": 46.27423453248368,
      "transform_matrix": [
        [
          -0.30355940840166823,
          0.02124522966590642,
          0.9525756273331044,
          3.6049543685776735
        ],
        [
          0.9527795806435203,
          -0.0015437981137956256,
          0.30365883388457826,
          1.192365650761398
        ],
        [
          0.007921886122683703,
          0.9997731027116162,
          -0.019773386569642126,
          -0.1092495246037074
        ],
        [
          0.0,
          0.0,
          0.0,
          1.0
        ]
      ]
    },
    {
      "file_path": "./images/0042.jpg",
      "sharpness": 44.93035830874038,
      "transform_matrix": [
        [
          -0.32070804009888404,
          0.022930068399225983,
          0.9469005042669079,
          3.576698131391816
        ],
        [
          0.9471198433812948,
          -0.003324114886940169,
          0.32086282510382924,
          1.2681960950649498
        ],
        [
          0.010505012589084458,
          0.9997315450785829,
          -0.020651452420543115,
          -0.11307350940394145
        ],
        [
          0.0,
          0.0,
          0.0,
          1.0
        ]
      ]
    },
    {
      "file_path": "./images/0043.jpg",
      "sharpness": 43.50856573551543,
      "transform_matrix": [
        [
          -0.3396920668479314,
          0.02618839234091275,
          0.9401720416120467,
          3.5414739756951787
        ],
        [
          0.9404514111442632,
          -0.004004645486692926,
          0.33990455438444783,
          1.3446492264540735
        ],
        [
          0.012666609551839571,
          0.9996490038623105,
          -0.023268564230242997,
          -0.12672947282666502
        ],
        [
          0.0,
          0.0,
          0.0,
          1.0
        ]
      ]
    }
  ]
}