{
  "camera_angle_x": 0.6,
  "camera_angle_y": 0.3,
  "fl_x": 2142.600788756307,
  "fl_y": 2089.4235071133357,
  "k1": 0.01296609655719461,
  "k2": 0.05808309555840764,
  "p1": 0.003424711091273345,
  "p2": 0.007808206121638542,
  "cx": 1016.9919884285075,
  "cy": 533.0844831628172,
  "w": 1920.0,
  "h": 1080.0,
  "aabb_scale": 8,
  "frames": [
    {
      "file_path": "./images/0001.jpg",
      "sharpness": 69.79296172112778,
      "transform_matrix": [
        [
          0.3958619396900292,
          -0.011461443305177043,
          0.9182385093340375,
          3.9196804696164222
        ],
        [
          0.9182872009767863,
          -0.0021111213398764604,
          -0.3959092821454279,
          -1.695051079106003
        ],
        [
          0.006476204703454619,
          0.9999320869368258,
          0.009689184103340695,
          0.07427702978973957
        ],
        [
          0.0,
          0.0,
          0.0,
          1.0
        ]
      ]
    },
    {
      "file_path": "./images/0002.jpg",
      "sharpness": 70.9910684810956,
      "transform_matrix": [
        [
          0.38397700312123273,
          -0.012713434458577302,
          0.9232551270694842,
          3.93004990733873
        ],
        [
          0.9233171564798769,
          -0.0021443890166796963,
          -0.38403232955788974,
          0
        ],
        [
          0.006862188005890033,
          0.9999168816365678,
          0.010915136085236173,
          0.07428296752281846
        ],
        [
          0.0,
          0.0,
          0.0,
          1.0
        ]
      ]
    },
    {
      "file_path": "./images/0003.jpg",
      "sharpness": 69.79296172112778,
      "transform_matrix": [
        [
          0.3958619396900292,
          -0.011461443305177043,
          0.9182385093340375,
          3.9196804696164222
        ],
        [
          0.9182872009767863,
          -0.0021111213398764604,
          -0.3959092821454279,
          1
        ],
        [
          0.006476204703454619,
          0.9999320869368258,
          0.009689184103340695,
          0.07427702978973957
        ],
        [
          0.0,
          0.0,
          0.0,
          1.0
        ]
      ]
    },
    {
      "file_path": "./images/0004.jpg",
      "sharpness": 70.9910684810956,
      "transform_matrix": [
        [
          0.38397700312123273,
          -0.012713434458577302,
          0.9232551270694842,
          3.93004990733873
        ],
        [
          0.9233171564798769,
          -0.0021443890166796963,
          -0.38403232955788974,
          -1.6305802031339665
        ],
        [
          0.006862188005890033,
          0.9999168816365678,
          0.010915136085236173,
          0.07428296752281846
        ],
        [
          0.0,
          0.0,
          0.0,
          1.0
        ]
      ]
    },
  ]
}